Interatomic distances (bohr)

[1, 0] 2.84511
[2, 0] 4.55395
[2, 1] 2.29803
[3, 0] 4.19912
[3, 1] 2.09811
[3, 2] 3.81330
[4, 0] 2.06517
[4, 1] 4.04342
[4, 2] 4.84040
[4, 3] 5.87463
[5, 0] 2.07407
[5, 1] 4.05133
[5, 2] 5.89151
[5, 3] 4.83836
[5, 4] 3.38971
[6, 0] 2.07407
[6, 1] 4.05133
[6, 2] 5.89151
[6, 3] 4.83836
[6, 4] 3.38971
[6, 5] 3.33994

Bond angles(degrees)

[0, 1, 2] 124.268308
[0, 1, 3] 115.479341
[0, 4, 5] 35.109529
[0, 4, 6] 35.109529
[0, 5, 6] 36.373677
[1, 2, 3] 28.377448
[4, 5, 6] 60.484476

Out-of-plane angles (degrees)

[0, 3, 1, 2] 0.000000
[0, 6, 4, 5] 19.939726
[0, 6, 5, 4] -19.850523
[0, 5, 6, 4] 19.850523
[1, 5, 0, 4] 53.678778
[1, 6, 0, 4] -53.678778
[1, 6, 0, 5] 54.977064
[2, 3, 1, 0] 0.000000
[3, 2, 1, 0] 0.000000
[4, 5, 0, 1] -53.651534
[4, 6, 0, 1] 53.651534
[4, 6, 0, 5] -54.869992
[4, 6, 5, 0] 29.885677
[4, 5, 6, 0] -29.885677
[5, 4, 0, 1] 53.626323
[5, 6, 0, 1] -56.277112
[5, 6, 0, 4] 56.194621
[5, 6, 4, 0] -30.558964
[5, 4, 6, 0] 31.064344
[6, 4, 0, 1] -53.626323
[6, 5, 0, 1] 56.277112
[6, 5, 0, 4] -56.194621
[6, 5, 4, 0] 30.558964
[6, 4, 5, 0] -31.064344

Torsional angles (degrees)

[3, 2, 1, 0] 180.000000
[6, 5, 4, 0] 36.366799

Molecular center of mass

0.64494923	0.00000000	2.31663788

Moment of inertia tensor

156.15408824	0.00000000	52.85558183
0.00000000	199.37112210	0.00000000
52.85558183	0.00000000	54.45954731

Principal moments of inertia (amu * bohr^2)

31.964078	178.649557	199.371122

Principal moments of inertia (amu * AA^2)

8.950854	50.026971	55.829600

Principal moments of inertia (g * cm^2)

1.486324e-39	8.307174e-39	9.270723e-39

Rotational constants (MHz)

56461.543840	10102.130847	9052.169566

Rotational constants (cm-1)

1.883354	0.336971	0.301948
