Interatomic distances (bohr)

[1, 0] 2.61645
[2, 0] 4.53182
[2, 1] 2.61645
[3, 0] 5.23290
[3, 1] 4.53182
[3, 2] 2.61645
[4, 0] 4.53182
[4, 1] 5.23290
[4, 2] 4.53182
[4, 3] 2.61645
[5, 0] 2.61645
[5, 1] 4.53182
[5, 2] 5.23290
[5, 3] 4.53182
[5, 4] 2.61645
[6, 0] 4.03130
[6, 1] 6.36748
[6, 2] 7.25889
[6, 3] 6.36748
[6, 4] 4.03130
[6, 5] 2.02599
[7, 0] 6.36748
[7, 1] 7.25889
[7, 2] 6.36748
[7, 3] 4.03130
[7, 4] 2.02599
[7, 5] 4.03130
[7, 6] 4.64244
[8, 0] 7.25889
[8, 1] 6.36748
[8, 2] 4.03130
[8, 3] 2.02599
[8, 4] 4.03130
[8, 5] 6.36748
[8, 6] 8.04095
[8, 7] 4.64244
[9, 0] 6.36748
[9, 1] 4.03130
[9, 2] 2.02599
[9, 3] 4.03130
[9, 4] 6.36748
[9, 5] 7.25889
[9, 6] 9.28488
[9, 7] 8.04095
[9, 8] 4.64244
[10, 0] 4.03130
[10, 1] 2.02599
[10, 2] 4.03130
[10, 3] 6.36748
[10, 4] 7.25889
[10, 5] 6.36748
[10, 6] 8.04095
[10, 7] 9.28488
[10, 8] 8.04095
[10, 9] 4.64244
[11, 0] 2.02599
[11, 1] 4.03130
[11, 2] 6.36748
[11, 3] 7.25889
[11, 4] 6.36748
[11, 5] 4.03130
[11, 6] 4.64244
[11, 7] 8.04095
[11, 8] 9.28488
[11, 9] 8.04095
[11, 10] 4.64244

Bond angles(degrees)

[0, 1, 2] 120.000000
[0, 1, 10] 120.000000
[0, 5, 6] 120.000000
[1, 2, 3] 120.000000
[1, 2, 9] 120.000000
[2, 3, 4] 120.000000
[2, 3, 8] 120.000000
[3, 4, 5] 120.000001
[3, 4, 7] 120.000000
[4, 5, 6] 120.000001

Out-of-plane angles (degrees)

[0, 10, 1, 2] 0.000000
[0, 6, 5, 4] 0.000000
[1, 11, 0, 5] 0.000000
[1, 9, 2, 3] 0.000000
[2, 10, 1, 0] 0.000000
[2, 8, 3, 4] 0.000000
[3, 9, 2, 1] 0.000000
[3, 7, 4, 5] 0.000000
[4, 8, 3, 2] 0.000000
[4, 6, 5, 0] 0.000000
[5, 11, 0, 1] 0.000000
[5, 7, 4, 3] 0.000000
[6, 4, 5, 0] 0.000000
[7, 5, 4, 3] 0.000000
[8, 4, 3, 2] 0.000000
[9, 3, 2, 1] 0.000000
[10, 2, 1, 0] 0.000000
[11, 5, 0, 1] 0.000000

Torsional angles (degrees)

[3, 2, 1, 0] 0.000000
[4, 3, 2, 1] 0.000000
[5, 4, 3, 2] 0.000000
[6, 5, 4, 3] 180.000000
[7, 4, 3, 2] 180.000000
[8, 3, 2, 1] 180.000000
[9, 2, 1, 0] 180.000000

Molecular center of mass

2.26591056	0.00000000	1.30822418

Moment of inertia tensor

311.61162871	0.00000000	-0.00001448
0.00000000	623.22319971	0.00000000
-0.00001448	0.00000000	311.61157099

Principal moments of inertia (amu * bohr^2)

311.611568	311.611632	623.223200

Principal moments of inertia (amu * AA^2)

87.260126	87.260144	174.520270

Principal moments of inertia (g * cm^2)

1.448988e-38	1.448989e-38	2.897977e-38

Rotational constants (MHz)

5791.637384	5791.636184	2895.818392

Rotational constants (cm-1)

0.193188	0.193188	0.096594
